1.1669239117074202
0.14641147146329803
0.5342988031957239
-0.18179471719513282
0.059553859693804
0.9382888765864565
0.8872276997534712
-1.086497046191659
0.8753523056888955
-0.8791956256869651
1.1160284687753068
0.11114266771433448
-1.0709340206964013
-0.5637555528052207
-0.59775799866514
-0.8080215990041287
-0.5791654986274305
0.36271288430201154
-0.2906696163234015
1.080207718509062
0.8291402583812328
0.8522536750996474
-0.8435010720037505
-0.8504953043687282
1.1441601980163012
-0.4246058957778054
0.6180096191884465
0.29403313482045906
-0.8428018338310417
-0.5199372466003024
1.507667776445335
-0.8101925031779904
1.2686528168168034
0.9653546228550148
1.290850062114555
1.6011313982674658
-0.25594172480469424
-0.21902717518009535
0.10798651059965429
2.029602940734773
0.006138759953871527
0.21739025383408467
-0.3953820540922748
0.2761668408078791
-0.27523786474419104
0.22708066882717623
-0.6444814839868633
0.6634887732477946
0.6041729829779607
1.0268526373499596
0.36585493145565795
0.048908925766364186
1.1149425310186318
0.10408395159744281
0.5371588686115812
0.26657302000320054
0.2529004131812605
0.3048318615628518
0.2916920127135486
-0.17829707954211824
-0.26880286708127804
0.06328251404773776
0.3300441116992156
0.17411567202421055
0.9483494438517237
-0.031223737892468843
-0.5081246484058961
-0.2553556708756473
0.7622630264481809
0.5087384453875538
1.1223629695243829
0.8858087125398957
0.4173540964374106
0.8029338983461398
-0.48035262511165894
0.6486023156319095
-0.2674098225236665
-0.4514795461893725
0.33158806687015796
-0.2617737388643223
-0.4800230255454031
0.5985457340880816
-0.32486472410512374
-0.4514789124152436
0.34911918451421053
1.1922181915726673
-0.42096106401991434
-0.5521427563714247
-0.2643609124228591
-0.34528115012476956
1.1328538714545777
0.978248368362805
0.18905555254050488
-1.180790083305013
1.0319838410426898
0.9444771198329478
0.9027374841327176
0.19330986765039132
0.6356134700068957
0.8944411959079208
1.1024417590618039
-1.819057652907968
4.628465811235026
1.0662238908552533
-1.1736837070133617
0.6490325356785077
-0.3502326185272192
0.9715339114432603
1.1745039170440637
1.2469572649809868
-0.005699583337134071
0.7700008590796477
-1.2549099673714892
-1.2267979483793963
1.677510894533149
-1.2659499331454862
-1.2275739295552526
1.164935495220083
2.091322633678607
-0.6592213231136571
0.6677619463497618
0.5897273992809559
0.42835209438256183
1.5996114234367
-0.5389836127505968
-0.20654704655892936
2.8853044554507403
3.698827765862778
-0.9584259674254244
0.3794081518662067
-0.2696454939619577
0.7525615884659026
-0.19796107989336514
0.6981509514345811
1.7913639929178309
0.7569711333060719
-0.16905235062788554
0.4009461754513402
1.640698537509769
0.7178114095259457
-0.518538829979853
-0.8212141297678538
-0.46233667010527746
-0.7782778946174557
-0.6069834508992138
-0.5140834884825003
-0.6553562933400089
1.797373589105674
0.021783418136580773
-0.06751242331419505
1.788314805979718
-0.7564866904992633
1.2775633793870718
-0.8008144116368655
-0.3672171985874512
0.1451863060067893
-0.801021807585534
-0.7067930839729056
0.2848020298103782
1.7827669191681963
1.0349167795212573
1.0005289692633705
1.3934385893505745
1.9874590920387891
0.4325944118670697
0.7247804157840766
1.0418643366529372
0.9985814609136819
1.220473209814571
0.6480915009142074
3.725327474480165
0.33659687924894616
0.2856065551901597
-0.22866301301068315
-0.4381069091768201
0.7585179563905392
0.996481599110765
-0.7244415850698614
1.3494021182884741
0.8228351211638086
1.154280761859089
0.45222317497818953
1.0004577583215941
-0.3070467492044797
1.6925042921297067
0.6870414268379298
-0.9453561877311444
0.4366747169710027
-0.2754488237657113
-1.3749662675687853
1.891918862140971
1.1595187004838938
-0.009610255035354546
0.40632205038280816
0.6163958928172283
0.09926119245208163
-1.1337293505167003
-0.9459645960805118
-1.274740543656642
-1.0220489396716006
-1.8631215369520076
1.088026092861096
1.088026092861096
0.7516834098046505
0.9801855359401076
-1.1174437329339273
2.0089890803973685
1.7619793686882763
1.2993031868695037
0.7282364607830889
-0.9431376849814955
-1.3473057981895813
-1.100915678528791
-1.481083344465175
0.43025769348980025
1.2601343483073817
0.5970474073517799
0.3893274292659416
-0.6391235060704021
0.6147071253794846
-1.3230456707696288
-0.5332592170222175
0.6125411130339907
0.8305890505328714
-0.7432489579514416
1.031918162140164
-1.443578388836344
0.5976668961744279
-0.24940497522865465
-1.4274506511412857
-0.8424180136831425
0.0570985261057592
1.9882522661044868
2.5683754851691147
1.0498824120281651
0.08890229954110065
-0.223820061236404
1.3753910437514663
0.19625848680890004
0.4294242447863858
-0.74705001185813
2.0991712482039437
-0.5239953222537841
1.1512316020510491
0.5707942977214978
0.9308426440621025
-0.22479421015727655
0.9815452483191065
-0.2463258888192038
0.056915078463087854
-1.1369460328988539
-0.6943765471108417
1.1915978952489739
0.6463177250829667
1.7290354533184031
-0.9179529108722864
-0.787551968006555
0.4497556415378182
1.1321966441981042
0.022437089976565624
-1.0653283422804698
0.008847722836030567
-1.2350977419327605
0.10953739253315911
0.5114408136239598
2.6076451815858586
2.518418823673925
-0.6424247288122158
0.8523113475873998
-0.796401427812495
1.0071718698947112
0.6640423846476904
0.3745525383738664
-0.5665161177993135
-0.9634382376776928
-0.8657676246844574
-0.6120650029022017
-0.3451049574326842
-0.5864445645681798
-0.7662500129547225
-0.7866252799525271
-0.6520709579608807
-0.8500241908043813
-0.39723884925167907
-0.4199015715839661
-0.5519200432961849
1.308412207883091
0.8233740791749445
0.18681978190701745
0.10291014494754917
-0.37080481714949276
-0.3376593837563803
1.4455618383118387
2.4046682099708927
-0.03220305755493938
0.9500717039980349
-0.2749691993912498
-0.6713896332028595
0.7935449382448863
0.7794567833913638
-0.11343775800759394
-0.377764760431713
-1.346909796132223
0.2181745977927702
-0.8467098295242815
0.6578835904064702
0.1816431120660618
0.7552037222934301
-0.8876200525621618
1.0365361328575005
0.9097342944537432
0.6253583445625079
0.5733881627942568
0.21607140124337945
2.197690615192628
1.13436981388962
0.4246000237259166
0.10255451746526763
1.2538095336415884
0.9139940484901156
-0.3281792485400586
-1.4009016498526874
-0.29693305010027593
-1.386412432259888
0.7794062240033323
0.26881629728083345
-0.3441009030828733
-1.3890585673777516
0.44165518711506635
0.930195727280433
-0.38249925844993454
1.2677870817537786
1.0293416870593093
-0.5568103043266033
1.5557232611081953
0.4888557339612365
0.9518369571272365
-1.0404810946099257
0.4938019083110934
0.03404398697720674
-1.025519477585221
1.8086886765946617
-0.8821612783860655
1.6033814581604064
0.3376061876938159
-0.718219803158777
0.3522491630655896
-0.7062225330552088
0.886745393230602
-1.0480882855902853
0.261510129578846
-0.8666106079532727
1.5140526680801505
0.2651050486074206
0.9957982297368774
0.28308294922790495
-0.8626767962785609
1.5210502708583409
0.352074923854478
-0.7242419709627087
0.7036017914854896
0.08858668192318042
1.9358134988538749
0.3261002744567818
0.7807621272417233
-0.4883865118384921
1.2618764018084665
0.3261002744567818
-1.3045618246339188
0.07117045319679172
-1.7765069377389349
-0.22847316582957958
-0.20365909830046097
0.060772299607903264
-0.25960133276377395
0.419387416532822
0.24092138354940013
0.5985649754234555
-0.5464821444136722
-0.2935261589948549
-0.5684888952877065
-0.3980622035558829
-0.16369418687753357
-0.4909018260237475
-0.0575371480197132
0.5725808196209717
2.1554945204132183
0.6004837866140956
2.4168713991570754
-0.46856344118536675
-0.8772098835483912
-0.6167608065815212
0.20905847585206666
0.21937276450680757
-0.7839989041342756
-0.19476874522700716
0.7655296141019784
-1.4390757722654623
-1.042453467409865
-0.3150783491063042
-0.8995122240729142
-0.07512812663110217
-0.4655756566714192
-0.5560667420810963
3.030011031294884
0.011908183907079381
-0.1331781910443431
0.22709843905907554
0.46120906756708235
0.960734430427951
-0.5929329485231326
0.7588555311880528
-0.6383431559188284
-0.8441997072281162
0.16331160558847083
-0.6740221854088103
-0.5948054338270576
-0.9163621595554793
0.34310154166235846
-0.8756435463823371
-0.3364891509714756
-0.7117562308266979
-0.9053047713362486
-0.8308667855680395
0.704002025981914
1.5051018298542107
-0.5024192745549734
-0.8516946906148631
-0.6765831259011091
-0.8229444349257208
-0.3052423700413884
-0.5929329485231326
-0.8673471253086654
-0.8197669908414356
0.005952369228747805
0.4400475479553319
1.398476174548122
1.8105180048773717
0.5348880330667548
0.9933683712931631
1.1039563127751646
0.3259297346116426
-0.7805326576833309
-0.9733091202672266
-0.6966294189886789
-0.33421945093758054
0.545649519604721
1.525577530809616
2.0682946754298457
0.10346413848523751
-1.1436860374795375
-1.1436860374795375
-0.3839090588142633
-0.13298648185575487
-0.1630259545080233
0.7522267573028125
-0.48646713383886764
-0.5630140772028376
0.21649747708210537
-0.8672132186047847
0.45960605256208265
-0.2732609489528087
-0.289089459510281
2.326923140216031
1.4280962614498105
0.9618387610598798
-0.035922078073146776
0.7589478676501168
-0.6387338740202508
-0.8440193496331049
0.16531564764905082
-0.6718849368434094
-0.5924034976413985
-0.916901278668955
0.33480375939012225
-0.8797942679739698
-0.337812681438496
-0.7169944944788287
-0.9095310205702091
-0.8351843256557416
0.7019485596413357
1.5026515583980673
-0.5087101733211385
-0.8503609585123525
-0.8210139521730696
-0.8231209477624072
-0.30577183941936753
-0.5905300109175523
-0.8661366287693575
-0.82431490591469
-0.922574979628657
0.4652432801287189
1.4043592100190803
1.8061321980978542
0.5284454219025042
0.9899498539253194
1.1057955521248743
-0.5453567830847935
-0.4418315974795797
-0.5806128640346518
-0.661347422832377
2.5048661844748006
1.9578688063212695
0.6588333425775564
1.1659221056019142
0.5576448051175373
-0.640195298506074
0.9974087090685423
1.9782884212156309
1.010438920421143
1.6807924004025574
1.1789852227352138
0.9105196550394082
0.020317800281558558
0.5095129832780987
0.6391715325896543
0.18369949286215595
-0.08248722016274913
-0.4819656265272564
0.593072167957245
-0.3305256586075971
-0.5514802373340115
-0.8778016465162136
-1.171315312762629
1.1005515139959956
2.2713798384731643
-0.8304840662782602
0.960826454237712
-0.669493317279408
0.5067590707504525
-0.25346121456130455
-0.4514273028993305
0.18038696825301406
0.6757094133883836
1.0340161859948267
1.3481184395255426
0.5136177359192067
0.38905708593553695
-0.7991055545016121
0.4949259389855319
-0.9984171444984801
0.8697416208118487
-0.7822618716348755
-1.3331578799839756
0.2129233463160703
1.1305979960652566
0.051051029552967524
0.7607108439142316
1.0764607363426755
1.3788934332370903
0.30587101054749133
0.976015039127307
-0.29578622385122366
0.8741895513053556
-0.7627404425213024
0.12362216553056073
0.34143414983115683
-1.2376905164651808
-1.0494569310460964
-1.2693286497867071
-0.7757159979765557
-0.5217655826589763
0.21234099005898469
0.007564216354834504
0.5121858774004919
-0.6808103615893528
-0.4826531329718592
-0.6818529720165956
-0.4832260815733128
1.7904651443151667
-0.04083863123723822
1.9987173131817901
1.3959394810695105
1.1559055114861616
-0.8423976123098427
-0.8476110231614127
0.79672090920189
3.0285297341442785
1.589979665346458
1.0757150582137944
-0.2626218004096818
-0.5638570825986664
-0.3751111053211512
-0.8458366291390476
-0.37581639742931383
-1.1566373885221484
-1.2088469219571427
-1.0947139792291292
-1.263956011497307
0.1169480911978186
0.6296767471769095
0.04515184903618013
-0.8092416502541817
0.9322138258867315
-0.8580571969269232
0.8313215246978624
2.2589500694479963
1.2553358560885495
1.639563969107951
-0.05547225230450588
0.8460117638199798
0.5775253935401639
-0.7372839280658691
1.1858556907348865
0.47587120170103125
-0.2854994336016079
1.443154955104693
-1.067674537933051
-1.103476905039472
1.972409091523068
0.6275320751708131
0.7013582050727595
0.38958692040243087
2.566810414289217
0.6119448018643808
1.7492053705903174
0.0
1.7492053705903174
0.0
3.0277777218692736
-0.5556056935318018
1.123607217531886
-0.6910791426364424
0.6357838978595376
-0.6059124387891067
3.018393522361181
-0.5567010991899172
-0.6059124387891067
3.018393522361181
-0.5567010991899172
-0.1142551711438649
0.026474050259097746
1.1130547375976871
-0.36487837513839844
0.8374981484340203
2.4854567590227377
1.54361313918075
1.684349801667845
-1.2477265198211702
0.8458044717900731
0.5793563854864814
0.808750139644079
-1.0217702807496571
-1.0217702807496571
0.9629666335291225
-0.4051394729981158
0.9691961024461525
-0.40594707011708187
0.3520958249683234
-0.19294742901967393
1.3363321529660206
0.206051811911195
0.206051811911195
0.4154808153380468
0.8469682648688833
1.6258130985062806
-0.5541254630480551
0.042356573818485524
1.5002785288148643
1.5002785288148643
-0.3604780011614401
-0.8955841589545149
2.029162938314432
1.8415715828602284
-0.68264916550126
-0.09031745888009018
0.4361333603052647
0.47223778586702836
1.1700215526141946
-0.3763096607595299
-0.16627227422978882
-0.6038808739800796
-1.040842454952819
1.2416772337896105
1.2211574130694152
1.241729930392614
1.2213273192171645
1.2434258424267983
1.2221841977266044
1.2423811606015271
1.2318876005820893
0.30236398613027266
0.012127443579777353
0.4614170307368343
0.7277969742804652
0.46188074429259385
0.7246794621389817
-0.08648782867530654
0.04050211514045789
-0.08568833442140564
0.04014312159932338
-0.08655501947756893
0.040270254883518215
-0.47617747035804026
0.1501285024077244
0.1489520088560558
1.467188246478233
1.4649336800422395
-1.0656861503487456
1.0514582134212482
-0.513583656767788
1.0510893108475865
-0.513872829872298
0.25813209901646544
0.26517170888348834
-0.9143596947874477
-0.8212181633169721
0.028623250201659033
-0.8396402647179112
0.8590223092883679
0.3730998108813905
0.896948199503843
-0.8212181633169721
0.028623250201659033
-0.8396402647179112
0.8590223092883679
2.796186544664276
2.4992561654642524
0.12647546794872908
0.31032313203039863
-0.08841136793425408
0.583122872804652
1.575054033598685
0.6715473383658422
0.17089145519246116
-0.318277842195678
-0.5714730327838485
0.43664082872731974
0.8093805414878589
0.9970856359760073
1.4639624087984677
2.307570843703632
-0.9317810481845091
1.6265864515907982
-0.7732593333641707
0.06074414213787644
0.09539445585592499
0.12226493522436528
0.14421875962293607
0.16278351455161302
0.17886907334098417
0.22769337710799525
-2.028688473374746
-1.8713129422839885
0.4059684481784873
0.24625813203667266
0.2623436908260438
0.2583669600490553
0.2830370485005897
0.28921417019448453
0.26729039665820814
0.06945217308733859
0.8113002194243634
1.2202092496487733
-0.00912964980223972
-0.04816075699012194
0.03522226896857098
0.08400133915440633
0.11860529492726347
0.14544629098336678
0.16738436511309882
1.63297644342619
1.9950119611340678
0.06359932704501116
0.09824810663546825
0.12511739632510419
0.1470702487276341
0.16563418170984917
0.18171902831809075
0.23054117041025662
-2.030197292254621
-1.8726898249363837
0.4085295555509809
0.2491051033924721
0.2651899500007137
0.260278520968908
0.28588239148583555
0.2920592396903501
0.26920156249678034
0.07268771363443367
1.2060381562734166
0.8141449349083366
1.2013637362503677
-0.009401108298644488
-0.42921452595622983
-0.4170436306661958
0.7368745934050683
0.7025951684638758
-0.05351868202466052
0.02994069026534957
0.07876442305500546
0.11340006255535967
0.14026563449551352
0.16222379534501555
1.4502040204655005
5.817822407601751
1.0303725245357278
0.0539763545642332
0.5317980324047902
0.9243968566897559
0.19550980953850772
0.6993441318169837
3.245362394983326
-0.05103471969735665
-0.6940968111070738
1.7694615134860916
-0.5265769744047174
-1.2622406921003888
1.0764788316569338
0.2878879477011579
0.7024759153000512
-0.6056470581463872
-0.8595749117569031
0.8074084211330395
0.17924388846393327
0.011410098321646037
0.09058878532919952
0.13690039935991768
0.169767472336753
0.19525509168448407
0.21607908636747075
0.23368842635795078
0.3887631551563492
0.6933235152546902
0.7664822820421028
-0.12966956749651826
0.25088760857324033
2.538378595250199
1.168778318941438
-0.7386326383290853
1.4713463192066558
0.999134726312504
1.0624796837769643
0.20744202445102755
-0.19322486033151112
-0.7832566895112234
0.9553646167099332
0.7130042018880252
-0.5384517584966897
-0.032677444177439646
-2.038191073369976
-0.5183087575901189
0.7704286029987134
-0.3688628053659811
0.487190995267209
-0.44858638267559936
0.6831385950447731
1.2033858226419247
-0.8800568911614209
0.4703153659251113
1.1766750879424397
0.5300823424257929
1.1810612494274713
1.144535659911925
-0.45158939364062517
-1.0689604092099516
0.7460056376361364
1.351655381236486
0.9732656313611026
1.1968622183656312
-0.8744590029165212
1.2513319807803078
0.6819846771360726
-1.1620530302264662
1.0852498638132257
0.3595777519846216
-0.2965225712314718
-0.3030376242737537
-1.1108578816887802
-0.9382145420674293
-1.6968696493911521
-0.5290222526552276
-1.6179567200184852
0.17715412978594242
-0.9537991260756521
-1.0973869597029189
0.6821084584050748
0.752046152520284
0.016070184315467535
-0.40839674753898586
1.0815684269053207
-1.2331028044917371
0.9629505520168412
-0.40498819757101795
-1.0740332928499647
-0.17241374512457117
-0.21520301075017806
0.03062749631639164
-0.5069266936994326
1.3718233464306848
0.7102431119468482
0.8945693715115106
1.4759212164198878
