1.3683330675013996
2.1569087761696433
1.1259496599455723
-1.0051982567122404
1.3950098284132801
0.7248711558932823
-0.2981702641225074
-0.6670042885583769
0.9441216731187454
-0.49928700945453725
-0.361711435560354
0.2912944796828591
1.9669404652074778
1.2866022760305817
0.34474164594970225
1.7761298254075009
1.3681765643834016
-0.7895883825352967
1.394906141258594
0.5304542404885457
0.3646066863169929
0.771731984909302
-0.9165674437815333
2.2472298096956944
1.745630848200125
0.4981411556414111
-0.6532761719902347
2.2459480715063185
-0.6252595546889474
-0.012764839917264369
-0.7998596653264719
1.6158496431241918
1.53761146263475
-1.138165278407482
0.014451967521664593
-1.3030391121281872
-0.056252714666443
-1.3774012308389156
-0.08398819883706185
-1.4212082094303653
-0.09800410794845608
1.284116258920932
0.36978324338109386
1.5084798554120036
1.5760426621463208
1.2749992065831681
-0.9305088599470772
-1.2187378739335477
-0.9076515536270203
-1.2984611251545046
-1.018382490556535
2.130619998558752
0.026113662807910318
1.2876706663359316
0.8781967016483799
0.9151789102618565
0.12868492720935462
-0.24185655108247706
-0.7447555527365645
0.8824794662776462
0.23651106378537004
-0.07205206224259568
0.2747433344835776
0.34697909006276406
1.1257999634290312
-0.028988240918228624
0.1771769783443023
0.8571702847289839
-0.5084735783381023
-0.8005933364438822
-0.03107562556162673
0.19456789556213408
1.079458052041084
0.1138528441660937
0.5843164201669039
-0.2496458806651631
-0.014458903534516322
0.18677147107080905
-0.14280106702975753
-0.11454519712150228
-0.8952725529461494
0.29985658159295
-0.37212952441503533
0.8313969063120323
-0.496749430146274
1.86985810365826
2.906839902358823
0.4472409592306908
-0.8836753923296712
-0.9004072185163334
-0.2853556273322084
2.819262480653313
-0.750640517807727
-0.07890924040970486
1.349891232006006
-0.5187804285770318
1.7887142213863614
2.996231704310946
0.06506207825146904
-0.8352465480250231
1.6126812936175465
2.040648424488372
0.6247613391659173
-0.5204446274585587
1.8490102428663735
3.0909122788452543
1.5785074172602909
-0.6506541421109844
1.1830763707682352
-0.3419388316376973
0.6052884683462638
0.2921342334032856
-0.8337648335823822
-0.5091712045929304
1.7964472919747536
3.0758055067741275
1.590421633356672
-0.651771972449108
0.9543200094271111
0.7967175300888782
-1.110371350134206
-0.36025137536162904
1.5141996963521236
-0.8128685750363481
-0.5016007953541487
1.8022123371140482
3.1012596265022605
1.5990405282315334
-0.6721463665037958
0.9107187353389076
3.362526528867077
-0.6383125767998649
1.4005580646558524
3.0334284990105425
1.192140633078402
1.390672888281518
-1.1294144915573407
-1.1951421835000167
1.0952053105378676
0.079917859671613
0.21980965709046976
1.8539125614421843
1.146780392001168
-0.5981828152777802
2.036367556493277
3.3473425338635
1.709555242086627
-0.444882401873382
2.1980925675768304
0.4644283620161391
-0.538620054831537
2.050341026267519
3.369680109279879
1.7708250089284598
-0.4338086868062943
-0.38853374760966136
0.5493597647815337
0.2780056979118619
0.024814950702910985
-0.8282561973638609
-0.7461827509659487
-0.18492973960138176
1.7264652269723708
-0.5362953355616931
-1.1137701502555217
-0.3092342020871805
-0.3078278380988683
2.4062109696747873
-0.5430369599632058
0.017431577494307803
-0.4967341367512763
2.1653190985608557
-1.3246203212797212
2.8141821167378898
2.288022992521332
1.6901245433817922
0.37186860832755864
1.0028925397297987
1.5072641922016827
-0.13812663231926567
-0.923414548728666
0.8481982377328038
0.6673880410765926
-0.7430459420727171
1.1576179096600223
0.7269957781218711
-0.6663674793961356
0.49218168092749875
-0.7544239037136166
0.1710673638122192
-0.6029996804847084
-0.7760155654157047
-0.5012002607405518
0.801661368680722
0.7261828250901696
0.03593873918211203
-0.7356639056815063
-0.949861033931389
-0.7319307036384611
-0.9829172658409174
0.34740924721828914
0.07825182969279913
-0.203333110816571
-0.14289761799992937
-0.09232668182866789
-0.1957265593462062
1.3014262930535023
1.3080068060897911
0.7926500404562905
0.490445823952369
0.581342735789048
0.786845345894974
0.24575662678965135
0.7287345725482708
-0.31023481498703864
0.029796474759890126
-0.6765402758978696
-0.8396534727882132
-0.8508186947008631
-1.650303546352629
-0.919702537163927
-0.8214177911114298
1.8387924216831015
-0.45786648262568325
-0.5678676449617204
-1.2183876638729552
-0.9001524506707279
-0.6893002547702868
-0.645435421450817
-1.3001113790188863
-0.9082742180945333
-0.44688250086070663
-0.6271723884810425
0.18358720229043016
-0.7811713100984948
1.3304607665246535
-0.38924369701453937
-0.03662277925955307
0.6835932978782957
1.8767007787238505
1.3577629085213645
-0.2801398232622092
-0.6029169743344505
0.7532278920297264
3.1571537187563266
0.6959809831337296
-0.49563359380623495
-0.36687081003907823
0.40884692843634257
1.3156764026553347
-0.7119418913563895
-1.1863618249372776
-1.5361608747846767
-0.1004489199975269
1.1974805778866366
-0.7918096628524394
0.8339919067202417
-0.00880566320179378
-0.182336288289968
1.1139598213687407
1.0925770869964757
1.5270727685320715
0.983975096528867
-0.7944010215676981
3.261237367410012
0.6808334601082291
0.9461819404372886
0.24744174446149725
2.136905795289751
1.5698047415155747
3.142692559353366
-0.6164692506821565
1.1621938519156156
-0.34472677642840494
-0.44879416991357046
-0.29504999695306106
0.2397738723572901
-0.4668421241765712
-0.8650481545681806
-0.5444425588103143
0.076254291259127
-1.4006674953132285
-1.1371457388438546
-1.280912505654095
-0.3608370705194654
-0.2485893934743993
0.5144862919515822
0.10497565654964854
0.1741620407443033
-1.111469572025765
-0.41430750517805753
0.18445838799746744
-0.3608892550754818
-0.24825373460653635
0.460701456966574
0.0434637141105119
0.21406587327104548
-1.111469572025765
-0.41429874485683027
1.465921531886559
-0.42075848957277034
-0.664083832480372
-0.26433516258755496
-0.21324758190897522
-0.4215301874891068
-0.05846081909435319
1.373205674677445
1.5664634386323677
-0.22001790373191774
0.7617965956934512
1.4415578862494296
2.1162292961033513
-0.40520772785546033
-1.1694043113705037
-1.270167013649259
1.4927577472558677
1.0323964960368925
-0.26998823055391247
-0.7493157659186926
1.2218242045845944
1.286654449979871
1.0232909363556832
0.31158124495411765
0.5632644132946842
-1.111989463384419
-1.1990378120313958
2.578227445594896
3.294903366785868
0.9572430558608316
1.1843708481361024
1.6730751036683207
1.7599611962058717
2.022233085574733
-1.2679197821478883
-1.0108269920598536
1.1855316368489912
0.9371271618282034
0.18462501778098117
-0.9667694133482921
3.7902882842050247
1.1921451645460774
-0.8680766557431592
0.4443891918281946
-0.13014572515039569
-0.07330121852314678
-0.22710706761254154
0.9715339114432603
1.1732162358850866
1.221495278141703
0.87281578774406
1.5494943765237263
2.5281606584819865
-0.656769339307479
0.665297732163351
0.590027229127371
1.8447318170971667
3.073911026451666
-1.1150273245519347
0.9649968730354006
1.8807914196998654
1.5571055949909294
2.444006467301726
-1.017514226495396
0.8412978164626143
-0.6044360959460661
-0.12993193344392792
0.8178410069419149
-0.650678303815765
-0.8632856541876326
0.29013776120036955
-0.673339216772885
1.5064415187015234
1.3766193602262629
0.752099832880405
0.10744901982659082
-0.6134992269894617
-0.24882487488395075
0.17377418992408553
0.2849552250042599
-0.31093361553080884
-0.6264291448384619
-0.3152666370673837
-0.3810772036914995
0.8409425545051813
-0.12191274427645361
1.187998298997821
-0.12851077268745992
0.8599332060191401
0.7178077506730388
-1.0131785200272412
-0.5077854800287299
-0.5601899971506217
-1.331319888996855
-0.8053073249681747
-0.7897075030684878
-0.8403168093593523
-0.4546483574495267
-0.8696744453382486
-1.1702533803931472
-0.7659377598086378
-1.0637382725102622
0.5839509867006031
1.8525952106325823
1.7683336958815383
2.559319924028637
-0.6121982736629732
-1.1687746882933074
1.8047635527141352
2.6134492352243384
-1.0934217523401928
0.7947415923053102
-0.5031430143885236
-0.6952459989706694
-0.32606084370803257
-0.5221912708755884
-0.14282226223393402
0.5617288017434886
0.5701236968863047
2.3829175141751153
-0.3237512683885068
1.8195778648813885
1.2464936926755352
-0.7759942317190015
-1.0107979713021946
0.05760772092755677
0.07764688093415933
1.8091778383757107
-0.7811039229195389
0.4710941080581958
-0.39390518654766615
-0.7922941952130135
-0.6528049733019385
0.0024175145875494665
-1.1331592974804432
-0.6643923887090157
-1.000732462243421
-0.5165043157561495
-0.4596238954497292
-0.32564163985084166
1.9538935311063481
1.4277829875796233
1.259570771931685
0.6564568109087849
0.6499095289963444
0.08828765187880791
1.6212539911693162
0.532164715356896
1.4747459876162636
1.3016576364305001
1.1215877774116199
0.3650426204197026
-0.08864685106707969
0.09590569622535038
1.626324148748659
0.5369940029324687
-0.09825900221264414
-0.36736212757121656
0.712771767442402
-0.7390821630267222
-0.02763732878229267
-0.31722521440096774
0.4488460896361752
1.1244819389131224
0.4740810394410859
0.49131450190747994
1.1780675849394695
1.4583000002759554
2.4382117039445674
1.8844688074466032
1.7074321710335956
-0.9790808057903055
2.455263082534148
3.4238840493801708
1.7476202800996916
0.485026093201266
1.8910951198274253
1.2369520893590338
1.4104221371810082
2.3550581217586912
2.4763076372384605
0.4908512009943393
-1.1464738234049678
0.6896227838639272
-0.9544909935051455
0.33698891583564655
0.2883440361809351
-0.15546611007097075
-0.48419872738945186
0.30799756238496045
-0.13380127916261653
-0.5118158719451955
-0.0789888654778662
-0.058966938274320535
0.23077479158531755
0.12545307885894452
-0.8310194234607842
-0.30028721497438654
0.5862733410742809
0.1593663186819566
-1.0152550436303147
0.5238684672963888
1.0556476081091652
1.3123894507429998
0.9470418977955268
-0.700908378042244
1.0896572819908985
-0.3768950038527362
-0.7841800727827419
-0.7942729173039899
0.7271745131159363
-0.020406167679490102
0.778149348837384
1.5068211406593173
0.4201357131076481
1.5872526789890795
1.5077244910065686
0.7250026804457107
1.1119871975592623
1.530233023844319
-0.797244616881947
0.9656974486273697
0.43679975395016046
1.0195361633633995
-0.7014971780268778
1.870731789121939
1.3469848977077152
0.2176631762868162
2.9234143456982835
0.4141135879618508
1.2357645118645872
-0.5222132196409578
0.9564828678442328
0.3956427759912827
2.882490055716452
-0.3004392334372192
0.25548280538672974
-1.3355302636276978
-0.9251433849309474
1.1879770832396621
1.5776555805487826
0.7652887163630859
-1.2292792802962043
-1.067802803575508
-0.4330694281288889
0.26044070213941983
2.1549598528612868
1.6925126727700002
-1.2404901999804274
0.7081789479020474
2.154061142565364
-0.6190052021414997
1.694445961084884
0.2171562877027164
0.9304612457960445
0.5706477065310214
0.4679494263255566
-0.8349221268660784
-0.4169184615834166
-0.9234266310540888
-0.7536482597928315
-0.5774879602927658
-0.39470822214803586
-1.3091858137253551
-1.3140149276799427
0.9023785525722205
1.24518133169477
0.9023785525722205
1.8921589282499647
1.907861063530409
1.907861063530409
1.907861063530409
1.8921589282499647
0.9307138177532961
1.8921589282499647
0.9615360814037898
1.907861063530409
1.3486181140421794
0.5935027758396003
-0.44856529370680664
-0.4489562111526911
-0.5484588729939076
0.8859281795008076
1.2476767495349619
1.4289002728092453
-0.8543664984143362
0.04008812217229817
0.018543194808817606
-0.12010430425654953
0.8400369665269839
-0.6400700494977634
1.2302765307917567
2.2869828428756103
-1.2573653632135098
-0.7090824719192406
1.2266047006234517
0.6164320941107381
2.2266556805495776
0.7333214321260884
-0.6879628337734097
-0.36577593143996145
1.857351720511681
1.3128351974809223
1.4765855303033293
2.75138608331651
3.143682655381001
2.4937121207469986
1.0659840640891138
1.8576780257430772
1.3131012780080662
1.218869731597798
3.3421423953500544
2.232718003529268
0.5311617114163604
0.7517218686251649
0.9635214745334804
-1.1207569128814034
2.077029089380122
0.42570577888973504
-1.1455562151835723
-1.2746561714799887
0.272071415339331
-0.17191933245967278
1.0156417515520828
-0.7326934180280154
-0.7614503721602831
-0.9834911450991968
0.8724390608502437
-0.6508364578578846
0.3939987363166758
-1.4408636571169358
-0.01961215654985476
0.7980928122327382
0.6594637062075517
0.8913534843063883
0.3166736143290942
1.324903280853313
0.8472088871702415
-0.12408721966781103
-1.1720432938653313
0.5336502648461404
-1.2089852455880856
-0.40450304038449164
0.3337389415543767
-0.738822800846246
0.7221405221578583
-0.25015407272248497
0.5918076006706626
-0.8600462786906566
0.9497657443768801
-0.5838630947850485
0.5183174642121456
0.37152557806653896
-0.8275548562910974
-1.0940834684180842
-0.9104332285652486
-0.3324694167507656
-2.388571195395633
-1.3252726223873081
-0.723216641872346
-0.9339323143304779
-0.44145393589043075
-0.6928425449724419
-0.5461951412761025
0.713913469791751
0.47032054614187335
1.1118033247035288
1.8434611054119208
-0.7056724031373482
2.4354874778335365
0.9512857659324304
0.07973904593112852
-0.24617988131582821
1.0531010791979178
0.00908093059021914
0.5332824532509762
1.458403767992044
1.3768474650653675
-0.5619212027127325
1.9185853284672496
0.16281516109054028
-0.9375839130898398
0.04194268797057921
-0.8929817111886696
2.023011661919512
0.4210109371430901
1.7655362833021995
0.2571321741738595
2.106619430469182
-0.68695380368538
-0.7677108800157681
-0.7312083024033105
-0.8836496490555329
1.9217301629824648
0.07914975095531308
-0.9378027716328994
0.499962619289715
-0.9944386540588657
-1.0260851304534875
1.173734100457003
-0.8011214528848131
3.971289312952138
1.99209669609719
-0.5451762799895015
-0.4851203273883127
2.006373551095389
-0.6757846502318299
2.0209993217637563
0.3964343279945125
1.7598028123242553
0.23144751606052802
2.0940834668595003
-0.7187515722081375
-0.8030433122710615
-0.763245911962847
-0.9166653943743693
1.8843378676051332
-0.7938403397463673
-0.8563011015568552
0.7205416148507973
1.0035546228482153
0.08562257639341721
0.06960318644573232
-0.9649414342759985
0.4755612012335825
-1.022940098442067
-1.0551750044027357
1.155678694392468
-0.8320560549337336
3.971757462533399
1.9764705942673515
-0.5526386527284476
-0.4843668466573754
2.0153442016426633
0.5778343694060369
-1.1154685213527813
0.2594382802060459
-1.3890224486540041
-0.876420406877957
1.2852547799107283
-0.03531103999332037
-0.9727753195160629
1.558479102404696
-0.07873780448353847
0.6530233707007441
2.1571762733276842
0.03582621070833464
1.2343325077403486
-0.6029737202355251
0.10372774976763517
-0.16890636653805613
-0.5759500367175933
0.5908979065270984
-0.7703232318482525
-0.7086164355479072
-1.1922390597987023
1.4847277018734195
-1.238917489233353
-1.2781504455222017
-1.3064749634061517
1.670087367567496
1.1536406561591714
-0.16432056404474807
1.116067339101609
-1.2016929471689342
-0.5291826634312949
-0.772915489780664
1.1952593063865449
-0.3588377329632383
1.3360813067296953
-0.15029956875763892
-0.6968225861250084
-1.1511024751628964
2.79020128211914
0.8680143422717529
-0.4434105810196239
0.6891126914947628
0.2960732619269947
2.7118269729054716
-0.7433393508048302
0.22331687900113886
-0.9586457176888257
0.04016312817125676
1.9278252866298524
2.5057501681565792
1.7635035120763232
-0.9552478976875793
1.452250799045402
0.5174007927091651
0.49655297399838877
2.572982507861865
1.938919810676579
-0.025644801492323347
-0.5304010151876545
-0.6223630380345341
1.252976781282559
-0.5398314536086891
-0.6948306283507879
-0.518034218232809
0.011081304350287695
-0.061678775346761396
1.006889645106942
0.663758711007936
-0.7642376469671988
1.1812469868750703
-0.8346915186684897
-0.1074492581648296
-0.6851733604857891
-0.7724711332021275
1.4150215412020832
1.4505039546686775
-0.7788277800445774
-0.7824808869599031
-0.27170433494620566
-0.7264486545268509
-0.7461471132985825
-0.018257890984226727
-0.1634630216232643
-0.6506796249877949
-0.044772452804722855
-0.714177821082573
-0.6228001024232612
-0.46763532665531715
-0.4538123868121302
0.10651429801898754
-0.5206949105073672
-0.5161041994577877
0.053351755931953904
-0.30954700171273025
-0.4545092425091522
-0.9740303714415063
-1.0743456690902544
-0.48388818926847255
-0.72969290286654
-0.38333467336490196
-0.1297208997851606
-0.3917939112545398
-0.3958091222526769
-0.11756607667630904
-0.5085434802031891
-0.9087927282701289
-0.3972560907291916
-1.062457122808633
-0.413481371217255
-0.3312432676944475
-1.0887045735724081
-1.0640483192794796
-0.21848253595917622
0.5397926199959179
3.7945599365458276
0.6132557219276366
1.452630315567895
1.6992990329516529
0.8256782494196823
0.05690665493645848
-0.3406933899737411
0.2580397206130269
-1.2024979597532144
2.11874261146052
-1.4960650942136573
-1.030936363133826
-0.4505289412887356
-1.5067717097967694
-1.0532728866995846
-0.43787703958960567
1.3418334682302544
1.0089873311414037
1.623174954069768
-0.19058846232493606
3.6150568941518895
-0.6700632571483617
0.8838137853776421
-0.4567573556698689
-0.7348025280645167
-0.2830880125196144
-0.12148007036385647
0.16760211133854494
0.7401024025978405
3.7084946418803058
-0.4690562831909795
-0.16189222994238844
-1.2885768656443215
0.5174375919403659
-0.5146865324805746
0.8317355680616695
-0.42935906729168816
0.3040727586063555
0.6907864568560143
1.3757873203742856
0.240790339177714
0.45527193252379017
1.239979593757813
1.3648603900722913
-0.3121716167300107
1.2132265286265156
0.8340912341393455
-0.5196381441235173
1.1910679388222976
1.191671296928958
-0.8827375998868655
0.29240522584489287
-0.0858003096312123
1.0365361328575005
1.0475422315685945
0.159167963756007
0.65305885489819
0.5931208947458861
0.6030515886674797
1.164561728996524
1.2643348981776972
0.8881715042365468
-1.0162946992187127
1.1343377898085265
1.7070250948397552
1.8822703333180926
0.6021956892107473
-1.015614948702815
-0.7512018305688579
-0.8195667386836882
-0.806904692412898
-0.6898475890183967
0.5751161881783287
2.6781271486400806
-0.7629153731459023
0.833906922600294
1.0043065947727652
1.0607712051308256
-0.24517380733897529
-0.4381868329014129
-0.8810361583063245
-0.5812399153026998
0.7022002597417827
-0.12934673439009547
-0.599252002497305
1.2613564467212932
-0.8658776842062745
-0.7760136787312715
1.2628625081533058
0.26881629728083345
-0.8538843058393725
-0.2555773001182721
-1.1372625776401675
-0.30084025958392896
-0.10663133299012738
-0.5459199519912417
-0.038939411234441244
0.666383802938699
0.6357170530211178
1.528747143965377
0.25229147111219713
-0.37556928247644406
1.0821246548154613
0.18408419678607024
0.39368406003583417
0.07965992776954511
0.8301535389414695
0.547357023330196
0.8425783251558102
-1.304341842914039
-1.1597369806323516
0.883017564216811
1.4218864890769105
-0.7884263308865884
0.5077562272647781
0.4023181965877455
1.3502953618651083
0.3412677649193888
-0.12102891512766269
-0.3771117183557698
-1.3482828377221439
2.2583648918825725
-0.7766447147422367
1.7314850631469771
0.12341035557611243
-0.3839504195502655
-0.2736259334743682
-0.5807877741227994
0.839135606947851
0.7938403734870733
-0.7263192085142927
-0.7996911884513005
-1.0774069014472583
2.840707127989437
2.113159759967145
0.7724279372528698
-0.6192071114037239
0.09095989548584152
2.1681954213176704
1.7350461519892482
-0.5811696532425613
0.8384578274593273
0.7938620254353866
-0.7324995503376995
-0.8057737072797713
-1.0831956250916248
-0.6205949867495365
0.091019902885582
0.2234456517491984
0.7521269599306611
-1.3102095674448735
-1.1685213834197532
0.8986876510449884
2.491812436286969
1.5007709230816286
-0.8301296073750427
0.9222386534521441
1.3721884651675742
1.3714862069021483
0.33527221311537975
-0.11733528808194572
-0.38625432672455756
-1.3270795649844385
0.24741500612981046
0.7783001440761905
-1.2939078119336174
-1.1523383774693146
0.9054786179892235
0.3543509852226779
1.5109717612981428
-0.8120119510311333
0.9466876352774374
1.4011705961274212
1.3800231501042561
0.3465901864081206
-0.1071211812353701
-0.3864753256500052
-1.3117716222469886
1.7412352293589453
-0.5836381365439731
0.845868946874244
0.8023278403580623
-0.7321893322460316
-0.8056287574863729
-1.0836081121145158
0.4461674685132317
-0.6243435923255479
0.11833204921437844
0.04936261285114772
1.4151833445944049
0.3311207741995842
1.400143779902854
-1.471620229115888
1.263193850589027
-0.29210227562086943
0.6462246610953715
0.6615715932896231
0.03515955581578942
-0.21778537831069994
-0.028279170140225015
-0.305964498346545
1.5651641754171002
0.9906498220129093
0.7263730564690153
0.3949190777000539
0.4493328742011895
-0.14893972406241865
0.26473726461397235
1.426640500859859
-0.08642476185458266
-0.6923742844296052
0.30669490674018923
1.2430022629831492
0.9301635781041253
0.9503142850112531
0.7880950259745751
-0.5491732251205579
0.749473668863316
-1.0178061846371347
0.9416594412846089
-0.8516449909929321
-0.23583849640718058
0.7044436220413952
-0.06829768291415998
-0.16844218497101673
-0.1360147384899835
-0.13485971883995318
0.8032391836495517
0.6889736411998749
0.25144691905097016
0.2269670132596604
1.0895599676675367
0.3987397657222294
0.8696119740799968
0.42839103952489627
2.194610896555829
1.2505311928645486
0.3396333449974793
0.3493959839868188
2.5467759082155674
1.820713867162486
1.992133415221747
0.15083599984848822
-0.604040194662238
-0.6166734477995736
-0.4472449371111104
1.9355917518948358
-0.7162600112079053
3.1505497130710944
0.4196500100584281
2.0326866357598123
1.085346384124444
0.2066359786438489
-0.8037663307119189
-0.6184994896882996
0.8914725820396247
0.19137184788364814
0.2653878517959796
-0.2382842464718597
0.04765584601730148
0.46473346992013176
-1.284305223356016
1.2732475214702628
0.07760693597733125
0.06480229115402224
0.1177713646410328
-0.5570830747704322
0.6649601310617251
0.17016766404211117
0.5258307549888136
-1.4900408519776593
1.3166869533218573
2.312144611361029
-0.2308667596304292
0.5314777825007515
-1.2161507177039563
-0.4099767996853897
2.7775407258902427
-0.3037629203092146
2.9965761728983122
1.8752594421759836
-0.3745517827937041
-0.7269660609382592
-0.6056842262607297
1.7405943059099536
-1.0700681317760636
0.4689244165928718
2.7722608041821717
0.8438445552432179
-0.2908697362591317
0.4747007461079917
-0.5648114372798917
-0.4170214905956689
0.26942937654531984
-0.6842118760664988
-0.744932076269263
1.496733450206194
0.8374646335586182
-0.42455731030983396
-0.5491595621644855
0.466383284053038
0.630406298787925
1.1963767250965511
-0.6260640211560572
-0.44209969260235166
-0.03228731747740868
-0.5081207167780931
-0.8187370532316768
-0.7429781903623588
-0.5764541112327095
-0.8180312828137087
-0.9807313223978459
-1.1490291268528108
1.5346915067303055
-0.26463067197246365
-1.143459262573008
2.8753908581258747
0.6417551377935389
-0.4868737632063097
-0.9792000391221289
1.3444974074921514
0.8857525006433775
0.8965880979225255
1.2582847652262998
-0.31496263042281814
0.03620547515284063
1.6471582198349537
1.629268849012066
0.21069551411690265
-1.0662426737348119
1.390490647651202
2.8629671668252885
-0.7106847604594734
1.145029792523076
1.572908710412556
-0.13373485319557268
-0.3915391946445654
2.247058633164994
-0.6738819952381827
-0.7291773526569476
-0.5640620998184162
0.34312009419982353
-0.9281055496192149
-0.4956335476978445
-0.7781477904063873
-0.9136186950015929
-0.22487663759062565
-0.8192755966764683
3.4866824855908733
-0.47322750569085864
0.11187668986144257
-0.6886797400791721
-0.6485480448918842
-0.8849565871368795
-0.09207668133046823
0.8078209654195114
1.0209177533037257
-0.27849950494735193
-0.6225146660457859
0.599478725341427
1.3816764848364989
2.0696704636980265
0.3024507940435193
1.5063949016064149
-0.27250213108664967
0.12178798980504729
1.299108862630999
0.6328668432974482
1.506442488721375
-0.2725587839158343
0.7934216416219071
1.2991555251140312
0.632871779551788
0.35990478257217495
0.9727644118731724
0.6710746174091554
0.7274866965754572
0.27110173390642595
0.6217937150437615
1.0944998308290794
-0.2754002493602486
0.43828501958629196
0.7376300848948764
0.7180478387365143
-0.028553598777186367
1.3814187936742424
1.3019856597773003
0.21435763149203335
0.5042575919452198
0.8110970975238422
0.8965016868524875
1.9694489470091225
-0.6346561568498943
-0.648707789746873
-0.45857814312515965
1.645211583312165
0.20171577246113748
-1.067503288586927
1.398260270478719
2.858858184106391
0.940033270974395
2.5929774887907766
-0.6035675759147707
1.3966324818013267
-0.7213555222666063
1.6258012834410949
1.4803097497104405
0.873769808379872
0.53183441266207
-0.7165022822263825
1.1424088851227898
1.5829329911415246
-0.12004408056567864
-0.38709822584450526
2.238772591809141
-0.6709237574792184
-0.7299173367916951
-0.5636772791865756
0.33474273400375815
-0.9281626031443619
-0.4865373547598964
-0.7791797736417753
-0.8426389386566613
-0.2453876371964753
-0.8144095639593493
3.4870509778885563
-0.4742831116176487
-0.7234614651247341
0.10559280606523268
-0.9876839560273096
-0.7053336838128796
-0.8893342473333916
-0.07925601809590517
-0.9354163178038077
-0.6204388350751816
2.168425946271296
1.3667672568290186
1.4715388757105021
-0.5664972376821872
1.7664971022537617
-0.17966051817163597
0.9295300994606541
-1.2079472422135173
0.8862127252541052
1.0509732221771069
-0.36402859550346595
-0.2968091993393674
-0.22274390947069683
1.9578688063212695
0.6568864046477043
0.8686380231395585
-1.248185339823505
-1.1023511474518621
0.38419032891023575
0.9974328277034029
-0.07249319942186687
1.9783294013859736
0.9173567709784004
1.1711180178377794
-0.5637636048586168
0.8178356596417241
0.5689220113896643
1.1241863973622996
1.8634505180626288
-0.42911536218783203
1.2881259735753297
0.557535728652843
2.78018965611299
2.6524127744644646
2.3818662945665814
0.4424151756449222
1.2778336939749528
0.8241668512963183
0.5531316499956432
1.5013904791588821
-0.18926479565784726
0.23226381520635125
-0.07385938502309013
0.301942809013668
0.2639816246718916
2.4836076279333406
1.8997655444561456
-0.905936973316682
0.3984551696475605
0.33002884785276176
1.8630284044031278
-0.61128230963654
0.24459603086883494
-0.12659901990750913
-0.5078809559555253
0.5238037793984808
0.7005661268848855
0.9271661418709862
-0.26837451355634556
-0.6356975191895308
1.139415461690283
3.3893332342330473
2.1129411907784377
1.3686869421975314
2.0982969286795528
3.606007661619086
2.7536974796282334
0.7862026951825382
-0.4392076746480762
-0.6046818634588568
0.4479431134176247
-0.5982414044290956
-0.6626569638415273
2.7887927910138903
0.4428010456135904
-1.274244247640457
0.7565487642641563
-0.5821009285153476
-0.8142435567890103
2.069856064234672
0.268441324059534
-0.1446768843040482
-0.2027745644359525
-0.5742508811763777
1.392384556710848
-0.5738790844456738
1.9355791764102988
-0.07987409244908214
1.0340461879307232
-0.5989083731734454
-0.19244254243658232
-0.6943569990030258
-1.1557892364933349
1.0438004029239811
1.0438004029239811
1.0438004029239811
1.0654272652849732
1.9890939178489906
1.5186760092914293
1.9153693778689491
0.003114564977545443
0.262905644825037
0.4657418467138967
-1.2778613039102011
0.12342309285514387
-0.09587689596498772
-0.43608797097709034
1.205574798172406
2.422932004426915
0.12054876115424802
0.47448231212440795
0.6134658123470077
-0.9240264763579308
0.7529115358087024
-0.8833167759053924
1.2577726071349977
0.7270288268092515
-0.7851599013684132
-1.3252086978933058
1.658361601502443
1.5790305737474897
0.04970033961463859
0.18927126666960803
0.7196869245617686
1.5256427838642952
0.7746942375215895
0.5687519944025612
0.4481537374699727
0.3474221225882289
-0.3827145447244891
0.5889744404251415
0.8505256353958466
0.49552405437663105
0.3830968511013543
0.6313140442874985
0.174611709816806
1.5748194996215512
2.554203486960229
0.8352586772839125
1.1275602010259707
1.4203407667100694
0.2371865809882437
3.1040241109126576
-0.22453585513594146
-0.3914408061168481
0.7478568394736792
-0.20950545001170556
-0.5660186365917738
-0.151103058895725
-0.29924280835058037
-1.2592347527867762
-1.4407705209050703
-0.7865786253544863
-1.2110400536522719
-1.2123114315987542
-1.4495076347433964
-0.711630105622472
-1.2912362326251021
-1.214463964680377
1.2331036783294884
-0.3574994064190378
0.2348487818889599
-0.1458356096429909
-0.7308997416541675
-1.0447617410370258
-0.06748743894203314
-1.1531062859897165
-0.8242293966640813
-0.7013526627788215
-1.0532751612036284
0.017370403915799398
-0.7319090294451056
-1.043350830667309
-0.06823715130921941
-1.153525845761002
-0.8246818008976365
-0.7018208869668568
-1.0541947359133588
0.01652539189059493
1.2342422432417846
1.0934662639108805
0.7722789966789713
-0.5969939222467363
-0.7053191120567478
1.7257435327952546
2.025947450131406
1.7933988199742692
0.49479227261061187
-1.342161488572918
-0.26986148601952886
-0.7993906663548412
-0.2784850343675222
-1.025523791079209
-1.3836058164722418
-0.2874427908277087
-0.658069456218905
0.9353281539495528
-0.8000547985784394
1.301874534132094
1.1305063955038768
-0.4098887268346335
-1.1495557220539325
-1.0865860448893045
-1.2249312373546855
-0.7665282757116675
-1.2354194960769718
0.5371735714786309
0.5796342758700088
0.7313431966349091
-0.7111880637990207
0.4763353351939448
1.5491797911349725
2.03274593367329
1.3496567959934327
0.41250311500133646
-0.7243766622857111
-0.843662347290592
0.769408974614741
2.059080669472824
1.2290785226132872
1.968632717214022
0.14426931951189442
0.4924499850271802
-0.8127646926983739
-0.03480298155304647
-0.29212478880741666
-0.2086006300608752
1.0734652091606964
1.1044681989076792
-0.6200391608902054
0.3004355999688952
0.4745070784797386
-0.5261112727002133
1.6879183218242424
0.575559998855021
1.184076060080819
-0.0720834619776648
1.1858356937431702
0.3744535663375592
0.5718252318385715
-1.3744184126419552
0.15405898176271854
-0.5753890343058592
-0.08184769318776555
0.26983915384042334
0.4305229445983794
0.5485525921010497
0.29538427788870697
0.2972345724440416
0.4302409694436594
1.0948093531459393
-0.5599779765800823
1.1410153097202864
1.1410153097202864
1.118421675008823
1.1410153097202864
-1.018292767985989
-0.5332833194826707
-0.31296819831950645
-0.1663223906915771
1.1206389044155805
0.7838842706688403
2.628801106727423
1.2400233995164724
2.0014542988377806
1.120182767808771
0.9460222764176331
1.5713543791631766
1.0439597496088948
-0.4660176015516905
1.3400172413619857
1.121314298846705
1.0901602648819766
1.197953056375978
0.39518114406478966
0.36649438153286185
1.841482477962936
0.9481350471346457
1.0117408998457187
1.9019658249043627
1.8618812645447118
-0.38770686302813395
0.46038577714657297
-0.6312867116770823
1.2494943556353497
0.0
1.2494943556353497
0.0
-0.5461934099299162
1.7212797977160126
0.5931650635067806
1.5952613959158801
1.1544757074299061
1.1941690640088711
3.146569735941483
0.32571980312211324
1.6925839567684866
-1.0940104504333457
-0.5377852536432989
1.5853456428832855
0.32571980312211324
1.6925839567684866
-1.0940104504333457
-0.5377852536432989
1.5853456428832855
2.453424728172013
0.2160858624598458
0.4191707471983493
0.5648392375544193
0.972108941379313
-0.8694868604674266
0.3380933636088419
1.564719940411218
-0.13465774627396015
-0.16257495747576978
-0.7691405314313925
-0.06342186453217726
-0.5293611683869829
-0.12922738258516792
-0.44530344891850554
-0.19899765437564879
0.43009997433350766
-0.7489895240604221
0.3743283935882588
-0.010940016068041764
-0.0219516095844696
2.4175310017771894
-0.40061318664168416
1.7715875977911888
1.6850150973486193
2.6283956683776037
0.5730239963584377
2.4793135535481294
2.019761338305132
1.7263937293148814
-0.4646103478028188
0.860445433415229
-0.21155141460400795
0.9477752921120607
1.9117741425983363
-0.42013151569779056
1.662491349380846
-0.31709839303140164
-1.1533068860008011
-0.6093895785550898
-0.864845050356082
0.33563309588497614
-1.1512859384900938
-1.1512859384900938
0.9736852015527038
1.2864538828282341
-0.2380148958921119
0.9805509909319972
1.2907909666967603
-0.2407217282434618
0.3852006638668941
-0.2098921950781504
0.8936262073015981
-1.0029558732573984
-0.42287639093049284
0.9494691199023102
0.8593559156630909
0.4074318733610956
0.8593559156630909
0.4074318733610956
1.7793392560601615
2.1451037480973825
1.5383667113193078
1.180143094776835
0.2531652603940627
-0.5782924591745979
1.8147598612262898
0.6620258400526755
0.39439078955180473
-0.5277913579279464
0.8314792268669445
0.3445670766367229
0.16326452482332277
-0.3882482991984378
-1.614272700558571
0.5879789081864162
-1.7170460292239695
-0.3727703472112466
0.0809150631435241
1.2330685953446763
1.5116322951387369
1.376162343422699
-0.5002691309091946
1.5027012738938565
-0.8431469535419328
-0.3883827667320733
-0.23863052065457782
-0.06000572886342603
0.3344399095909068
0.042356573818485524
-0.717522665285627
0.728116915535344
-0.4883027899696317
-0.6771450264071978
-0.550536583192575
-0.4941920964356458
-0.6772240769761892
0.4053091979430494
0.4912498228960148
0.9246821775969777
0.9984602065186036
-0.7083145307759138
-0.4576395100679318
0.03973992973034596
-1.1659978036875378
0.27014991285450646
-1.045076577497269
-0.8170529082600619
-0.3473399132283512
-1.5181128331955491
-1.3391932380521505
-1.2107488691140376
0.995517393574822
0.15631854185876334
1.0414142295567648
-0.00536388874107732
0.995517393574822
0.15631854185876334
1.0414142295567648
-0.00536388874107732
2.1987902531936556
2.0118446857443484
2.0851708961918383
0.6554941566193664
-0.31250067092465067
2.213102957438089
2.0256280988145354
2.102337797407538
0.6650817803042368
-0.3131179062261298
1.7240329299409107
1.0457153216241954
1.3135940577447962
-0.49909273460863385
-0.7413644532095269
0.4335491947649939
0.06572801169483071
-0.24755965859869844
-0.890810938452417
0.975834303473661
0.24480139200826234
2.0922655614552297
3.358373966556622
0.7124276577670839
0.894140885420248
-0.925717557166239
-0.7555781768739833
-1.0866047345015903
-0.5157564901665677
-0.7420993847209368
-0.5980287134802924
-0.5328410967672654
-1.1570307496416892
-0.9163655599002793
-1.1645561261428452
-0.8001595405593809
-0.3766735908219857
-0.778189589290777
-0.6606553958279471
0.06647244759960765
0.7226168565341675
-0.4743060640133917
0.09332048920457783
0.6811443013051984
0.37590433483189223
0.404131348476926
-0.10282264756466657
-0.30133865420191697
-0.4394509999813847
-0.11006196198078409
-0.1228167977956977
-0.6581905875396719
-1.0758661246219434
1.0183944160311524
1.0183944160311524
1.0183944160311524
0.10790287445069638
1.5859673598798092
1.2751226966742548
1.5846264057030752
0.5852202271238008
1.1497723251228698
0.3613158414319475
1.1499715003376447
0.3613651222741419
1.1515424611770784
0.36216185181647836
1.1504730312606493
0.3552868756723385
1.3577571776176869
-0.33298895345663915
1.3086517388940457
0.8208936551481608
-0.5715969133422935
-0.1779960376903706
-1.1645022259997653
-1.0849921409227015
-0.8304747279020857
0.5752216328008932
-0.5003959636320644
0.4848587667121812
-0.28496011757078143
1.8943251115706987
1.3545419706460506
-0.3349868327530807
1.305471887561238
0.8180649868837221
-0.5734229962538419
-0.18010551101169484
-1.1659014204313682
-1.0864485821669645
-0.8341110069207127
0.5711398143525721
-0.5041368620468131
0.4822720416715097
-0.2869925773580825
1.8846438959166798
0.7198647388546885
0.6013051782120208
-1.1823096893263487
0.3024176187081601
-1.2696891288441288
0.06382581051005905
0.10288751601843928
0.7019441922914256
-0.7449680481652868
1.4313222618275268
-1.1298981592006934
-1.2396209067027721
0.46146624748016246
1.1568843305591634
0.739179703693404
0.6628359992192748
1.431388913599062
-1.1307742186997858
-1.2405373519764997
0.46192728172564496
1.1568499696537848
0.7389915977779097
0.012925574317451869
0.34902696072657924
0.013892909416671284
0.3485412959811555
0.012786838565147868
0.34881489173486635
1.831666304451406
0.6109445709141771
-0.3008931447586188
-0.6064776669075875
3.093236529881287
1.829527328622382
-0.3793743695821585
0.610406544384876
-0.300176521182037
-0.6069508490216822
3.0886900424722663
1.232561163537329
0.6695566754499587
-0.6595678106506719
0.4510193490158728
0.9288132989597464
-1.0172107220047875
0.8461970326026294
-0.23604078503981657
-0.8754288545189763
1.5666306979131888
1.2962953518951041
0.8435810532577165
-0.23458210008656755
-0.8735400143299463
1.5647357970314661
1.294538137636413
1.467188246478233
0.8446386896862915
1.4649336800422395
0.8420407551896919
-0.27671269062061016
-0.08334413006842706
0.14514225388071594
-0.9036399994885034
0.8483275310138426
-0.9006465773252557
0.1068569749685316
0.2469028453450299
-0.30434259675582115
0.5420196366734538
1.3188821971320845
-0.4257397917587233
1.3187705792262132
-0.42593419543586836
0.4351403871752311
0.2431277565782302
1.532178342481003
-0.2784094628451076
0.07206988371012672
2.227918347476441
1.6467498311790303
-0.8017329556556981
1.6028480201842903
-0.7990330088233648
1.1160880119477121
0.08147819927885105
-0.04813121068803567
0.5146133316866609
0.4007231752253425
1.833498767881516
0.6960735134829595
1.510823828999765
0.6216390230011152
1.075404826215155
1.1182944276917084
-0.01842383479682493
1.7020191274352088
0.9619713756670255
0.49966514787419763
1.114651618341174
-1.017735977046584
1.7890638083743071
-0.9552293612913297
-1.51332042331378
-1.3366298876257288
0.7768498781447236
1.6422573269945522
-0.005763415733755462
1.7627189521159066
0.9104510903089365
1.1585390792750943
-0.6019052242513626
1.260428128139518
1.4766969186296106
0.17768920201075392
1.4120458888424583
-0.8295107407159851
-0.7621846738305972
-0.714520178332561
-0.9843666683263991
-0.9937364065535406
1.1087350594638408
-0.6355703420126194
-0.8017329556556981
1.6028480201842903
-0.7990330088233648
1.1160880119477121
2.800306031382643
2.503049783188051
1.1661582808922208
4.145050031362268
-0.38938212100198044
0.8676619741867598
2.8124654667009863
4.133635243633187
2.9454887464917716
2.668720204216702
-0.8816542513507325
0.6981477879653362
2.0596348586513327
0.6363520164920553
0.7798661041740556
1.575054033598685
1.665235439218853
1.4956997700848114
1.302936531909816
1.3383332736143292
0.09577967220828866
0.17089145519246116
-0.4097935441488315
0.7042106745262176
0.6454965288788115
0.5073817808741612
-0.8964372697089127
1.3767257628419427
1.73628822713047
0.5238353451878784
0.36199017184441423
0.6256194015990194
0.07767511817182572
0.396295979591757
-0.9217396324855425
0.539714400195872
0.9970856562786723
1.8133495932011285
-0.08370946832936786
2.3354273928218343
1.1836590703598087
-0.07416855562754475
1.031225325661817
-0.3508515394393653
0.19875635242379164
-0.23281400599249089
-0.7403183508404156
-0.39504161939693816
0.5950994332262717
1.113493262863097
2.519960228489443
-0.5151603410110482
1.5272336912100972
1.4646640504517914
0.5314816969974432
-0.5138453734702912
-0.628846567123241
0.007120193127799094
0.011011310201428856
0.059798327915601274
0.09442217994697974
0.12127213891807218
0.14320919766115214
0.16175977509256237
0.17783304969253017
0.1920045564622994
0.20468300866362305
0.21615200325363607
0.2266200674067026
0.23625402286231392
-1.8707832867713372
0.4047589937048806
0.24517064483811324
0.25347836746476987
0.2256992114047119
0.23716820599472535
0.26124391943808106
0.24763627014779188
0.2819214740480028
0.28809387840917394
0.2661868475792021
-0.6101453496610699
-1.074908202088192
-2.0501206604460194
-1.0071955197303575
0.26013205254437305
0.29956287299918694
0.3049095097498769
0.3100309371522535
0.3149438373802664
0.3196648926078648
0.3368892372103207
0.34083457134928513
0.34465478918363196
0.27449457020585916
-0.6296629927163103
-1.0796326125180253
-2.064125428887167
-1.956000101939923
0.2011288715037653
0.3519448991993928
0.3588262959534007
0.36212102530835
0.3653323437935536
0.29643162894893915
0.36846025140901206
0.30293767678909206
0.3715047481547244
0.37447417511766584
-0.6404348809624252
-1.1354896387727822
-2.0738064280733144
-1.9950542055426184
0.18444185972420973
0.3883203794954273
0.3909144575445138
0.39345014798477873
0.3959274508162216
0.3983547071258172
0.4007402580005401
0.40307576235341525
0.405369561271418
0.3091100811502628
-0.6472747391032997
-0.3024133914516023
0.23833027500166204
3.0966000561578273
0.7781680039571545
-1.0335191216210837
-0.8437868470310773
1.682301406799597
-0.6282407694150494
0.012480528219273786
0.01590640920833904
0.06477952604990377
0.0994644821123654
0.1263618257801711
0.14833759895393014
0.1669209143677853
0.18302255501639134
0.19721907160278554
0.20991989868419747
0.22140913370850088
0.23189567185795606
0.2415466292783713
-1.8735312876213788
0.4100698930341277
0.25047898727181167
0.25880137133305287
0.2300373403165708
0.24152657534087466
0.2665806279204177
0.25201311349032984
0.2872946741933255
0.29347797158822386
0.270596428904185
-0.613022964282586
-1.076345357298648
-2.0533109184080622
-1.0088081849663324
0.2659322172746822
0.30496720661252724
0.3103232790856755
0.31545374476198246
0.3203753152560295
0.3251047021823977
0.34235944423707926
0.34631174108543955
0.3501387008244441
0.2789188129654262
-0.6325753026679094
-1.081077347058987
-2.067332631505941
-1.9589293343581733
0.2066218615466759
0.35744167639625574
0.36433521741083785
0.3676357612905469
0.37085274709735183
0.30089458613918524
0.37398617483125307
0.3074121158256993
0.37703604449224976
0.38001071188763297
-0.6433662010979176
-1.136860548369093
-2.077025451520881
-1.9980668243840496
0.1898994679744657
0.39388135198970137
0.39648000805701694
0.3990118176660088
0.4015018482385486
0.4039333881600559
0.40632314904511113
0.4086627750864236
0.4109606220912845
0.3135954132205972
-0.6502181301921935
1.9772818915375592
0.7788058401595475
-1.0372111168407288
0.5462421267814414
0.03199229378790122
-0.44151066227321845
0.6091196641324661
-0.535911074618815
-0.5570095909309574
0.7713670481126162
-0.2714870823484866
2.0785667933602503
-0.44531989685646983
0.6591703875799043
0.4035968626332549
-0.33165380092202573
-0.6700818191195199
0.15082230495054605
0.8524267994080371
-0.8717833494044622
1.1257141706025533
5.780763394311181
7.080527586922624
0.49359404373978655
2.5963837201645603
1.0795037333973756
1.8934312345074478
0.4998750914905699
0.5648808526234934
-0.15632890559606813
0.8609696844305219
0.32634306810754327
-0.7478080181561835
0.6082215321878383
3.3091507916670135
-0.49403794675369483
1.2138977993791815
1.668885106807641
-0.7400681389484586
-1.1700180492372851
2.004794002339344
-0.08494912957359015
-0.45789831193854424
-1.18435894616152
-1.302299171852286
0.8107410223518895
1.2721588931672179
5.016375649311425
-0.4842608379445632
-0.6913219560514434
-0.8268456401641842
1.1893845886491468
0.27725429364278553
-0.10685597559424884
0.2507117840193595
0.27149222891093905
1.847426387748773
0.7865590321736021
1.14260031522126
2.3936928786858145
2.348448979292202
1.0625949772255274
1.3881351728000337
-0.37082026114549943
0.5327535522148851
-0.6038146499616103
0.22644080525328472
1.5200016697390855
-0.49578390355404695
0.8226735959551322
-0.3879834679219699
2.0236188468819236
1.1694023931806272
-0.4899511811615626
2.8582079181708204
-0.10705136474456856
-0.04638942533916879
0.7022443494677673
0.4815001120338312
1.9516099454714768
0.48413416459911385
-0.7229212412894982
0.8870521714172666
-0.10290875072428547
-0.21485692364558312
-0.3151533559809541
-0.33113844529256636
-0.4681826487806927
-1.1481208326807375
0.08904780054280491
-1.0874044964150613
0.806209745283111
0.33959717378520016
-0.3445740702796633
0.43402915304708506
0.5314403041972682
0.9953820441861867
1.1138871600338789
0.5268670931474901
-1.0245172301088104
-0.8166286941988642
0.22574993882918007
1.207229762874796
1.188458536151515
0.9969988217273326
0.943660952679223
1.4657433628353844
1.0996697423908028
-1.1759978072095
0.824153454740733
-0.6445004358256773
0.5300823424257929
1.0719029699819043
1.0319161878688212
-0.17881883070274585
0.718913209045699
1.1831153319743257
1.3798923684363147
0.2485277146755448
0.8225757629897847
-1.1094307664360887
0.0035796903419849503
-1.4616490889184925
-1.5139536859704743
0.5239433076238035
-0.9378021015995396
-0.5950330682823097
-1.0630510691688393
-1.0638186431399048
0.33612791394350705
-1.071726553868945
-0.0750844048427653
-1.2497163023285534
0.7390893281003255
-0.8033099766605657
-0.4561365826159898
-1.191297099161614
1.0847079298777773
-0.9537991260756521
-0.2924383150632383
-0.5815826302250443
1.1295523185941552
0.606151466348377
-1.7620406664553359
-1.1559730127043093
-0.8856210368809938
-0.7686185177576178
0.7520598458685497
-0.5267814245989205
0.6408263839423476
1.233458581567758
-0.7393610426120776
0.5703871722926179
0.5754172928938652
-0.2398376666039881
0.5357535059856992
0.24513596488152145
-0.4062703851017829
-1.0879397107975601
-0.40839674753898586
1.2524179665138058
0.9458136653683895
2.585765139149146
2.4317012717113506
0.0425829972951337
2.1126476017231415
1.8661748149657849
1.5719816903273789
-0.0721168077830872
-0.4105127247991836
0.316353781024953
0.36923988801214924
-0.6459299439505308
1.5169313418301544
1.6128735017143625
0.8204080418950866
-0.49913944319794196
-0.6702141324374659
-0.15576774715365002
-0.9266743720545818
-1.0348849597896843
0.3674805275795156
0.8584148689598089
-0.6403824795197928
-1.5917252977475709
4.57757967925112
0.22880624726924234
2.598024026507093
2.655474190835233
0.9764764858531875
0.6054848774222048
-1.116193606413357
-0.752096777963351
1.4380756499119627
0.10575957095422743
0.4354851346302509
0.11812500221003798
0.015211650751804756
-0.20026316908712655
-0.7887177970545847
0.8701303329343524
1.5096056723335438
